第２号議案          令和７年度 決 算 報 告

特定非営利活動法人 横須賀国際交流協会
                          活 動 計 算 書
                      令和７年４月１日から令和８年３月３１日まで
                                                                 （単位：円）
           科      目           ７年度予算（Ａ）        ７年度実績（Ｂ）        増減（Ｂ）-（Ａ）
Ⅰ 経常収益
  1 受取会費
         正会員等受取会費                  600,000         681,000           81,000
         賛助会員受取会費                  200,000         140,000        △ 60,000
  2 受取寄付金
         受取寄付金                     100,000         100,000                0
  3 受取助成金等
         受取補助金                           0          11,000           11,000
  4 事業収益
   国際協力支援事業
         自主事業 （通訳・翻訳他）            2,300,000       2,381,570          81,570
         受託事業（生活相談・会話サロン他）       18,464,589      18,197,464      △ 267,125
   国際協力交流事業
         自主事業（JFY・日本文化体験他）         679,400         422,300       △ 257,100
         受託事業（交換学生）              10,570,133       9,915,739      △ 654,394
   国際協力啓発事業                                                               0
         自主事業（外国語講座他）             7,195,000       7,543,200         348,200
         受託事業（ユースフォーラム）           1,146,024       1,145,739          △ 285
  5 その他収益
          受取利息                           0          50,581           50,581
          雑収入                            0           1,525            1,525
 経常収益計                           41,255,146      40,590,118      △ 665,028
Ⅱ 経常費用
  1 事業費
   （1）    人件費
          給料手当                   13,326,986      14,478,599       1,151,613
          法定福利費                   1,406,500       1,317,784       △ 88,716
          福利厚生費                    145,500         104,420        △ 41,080
          通勤費                      582,000         814,179          232,179
          人件費計                   15,460,986      16,714,982       1,253,996
   （2）    その他経費
          売上原価                      50,000          57,635            7,635
          役務原価                   19,300,000      13,617,994     △ 5,682,006
            科      目   ７年度予算（Ａ）        ７年度実績（Ｂ）        増減（Ｂ）-（Ａ）
           会議費               40,000          62,510           22,510
           通信運搬費            388,000         371,180        △ 16,820
           消耗品費             388,000        1,377,729         989,729
           光熱費              116,400         118,778            2,378
           地代家賃            1,610,200       1,619,706           9,506
           リース・保守料          485,000         423,300        △ 61,700
           支払保険料             67,900          91,256           23,356
           租税公課            1,815,985       1,797,600       △ 18,385
           雑費                77,600          52,081        △ 25,519
           その他経費計         24,339,085      19,589,769     △ 4,749,316
    事業費計                  39,800,071      36,304,751     △ 3,495,320
   2 管理費
    （1）    人件費
           給与手当             412,175         447,792           35,617
           法定福利費             43,500          40,756         △ 2,744
           福利厚生費              4,500           3,229         △ 1,271
           通勤費               18,000          25,181            7,181
           人件費計             478,175         516,958           38,783
    （2）    その他経費
           会議費              210,000         314,208          104,208
           通信運搬費             12,000          11,480           △ 520
           消耗品費              12,000          42,610           30,610
           光熱費                3,600           3,674              74
           地代家賃              49,800          50,094             294
           リース・保守料           15,000          13,092         △ 1,908
           支払保険料              2,100           2,822             722
           支払報酬料            600,000         555,500        △ 44,500
           租税公課              70,000          81,043           11,043
           雑費                 2,400           1,611           △ 789
           その他経費計           976,900        1,076,134          99,234
    管理費計                   1,455,075       1,593,092         138,017
  経常費用計                   41,255,146      37,897,843     △ 3,357,303
    当期正味財産増減額                     0        2,692,275       2,692,275
    前期繰越正味財産額             15,915,008      15,915,008               0
    次期繰越正味財産額             15,915,008      18,607,283       2,692,275


(注) 今年度は定款第５条第１項第２号に規定する収益事業を実施していません。
